# Résultats A3C Dueling
# Format: timestamp,récompense,longueur_épisode1775525590.0587208,0.0,27000
1775525754.6404092,0.0,27000
1775525918.5129268,0.0,27000
1775526090.7607937,0.0,27000
1775526259.3365133,0.0,27000
1775526439.242696,0.0,27000
1775526621.0629044,0.0,27000
1775526805.0461574,0.0,27000
1775526975.546569,0.0,27000
1775527145.699303,0.0,27000
1775527315.7668123,0.0,27000
1775527492.0190418,0.0,27000
1775527662.7987614,0.0,27000
1775527830.723598,0.0,27000
1775528007.052089,0.0,27000
1775528174.815851,0.0,27000
1775528346.8382556,0.0,27000
1775528512.8451757,0.0,27000
1775528680.8929605,0.0,27000
1775528856.0497696,0.0,27000
1775529036.293293,0.0,27000
1775529217.9588745,0.0,27000
1775529387.9694223,0.0,27000
1775529463.7057295,0.0,122
1775529524.4327896,0.0,122
1775529585.229119,0.0,122
1775529646.8189685,0.0,122
1775529707.5042028,0.0,122
1775529768.332242,0.0,122
1775529829.680556,0.0,122
1775529890.358118,0.0,122
1775529951.6809669,0.0,122
1775530012.3970997,0.0,122
1775530073.106919,0.0,122
1775530133.8221793,0.0,122
1775530194.5074084,0.0,122
1775530255.8081024,0.0,122
1775530316.5022376,0.0,122
1775530377.1994805,0.0,122
1775530437.979844,0.0,122
1775530498.6528368,0.0,122
1775530559.4002852,0.0,122
1775530620.0739963,0.0,122
1775530680.7486718,0.0,122
1775530741.4603658,0.0,122
1775530802.2663832,0.0,122
1775530863.0557868,0.0,122
1775530923.7880297,0.0,122
1775530984.7877455,0.0,122
1775531045.452683,0.0,122
1775531106.0998225,0.0,123
1775531167.2210207,0.0,122
1775531227.9206686,0.0,122
1775531288.8820026,0.0,122
1775531349.5691988,0.0,122
1775531410.2700846,0.0,122
1775531471.024271,0.0,122
1775531531.6419587,0.0,122
1775531592.3126953,0.0,122
1775531653.572157,0.0,122
1775531714.1962173,0.0,122
1775531774.8842564,0.0,122
1775531835.8748739,0.0,122
1775531896.5572393,0.0,122
1775531957.27281,0.0,122
1775532018.636541,0.0,122
1775532079.9271185,0.0,122
1775532140.508628,0.0,122
1775532201.828554,0.0,122
1775532262.7491796,0.0,122
1775532323.6513436,0.0,122
1775532384.9543915,0.0,122
1775532446.3099833,0.0,122
1775532507.0381353,0.0,122
1775532568.0922108,0.0,122
1775532628.6789882,0.0,122
1775532689.5459392,0.0,122
1775532750.2383378,0.0,122
1775532811.5796514,0.0,122
1775532872.30569,0.0,122
1775532933.1587799,0.0,122
1775532994.5286124,0.0,122
1775533055.83009,0.0,122
1775533117.152419,0.0,122
1775533177.858478,0.0,122
1775533238.566053,0.0,122
1775533299.2963972,0.0,122
1775533360.1655426,0.0,122
1775533421.4625304,0.0,122
1775533482.2414596,0.0,122
1775533542.965469,0.0,122
1775533603.9279835,0.0,122
1775533665.0907612,0.0,122
1775533725.8562598,0.0,122
1775533786.5550964,0.0,122
1775533847.3494797,0.0,122
1775533908.1940596,0.0,122
1775533968.8546083,0.0,122
1775534029.6674771,0.0,122
1775534091.0158432,0.0,122
1775534152.2917259,0.0,122
1775534213.0484886,0.0,122
1775534273.785027,0.0,122
1775534334.8334107,0.0,122
1775534395.6738026,0.0,122
1775534457.1129405,0.0,122
1775534517.8531034,0.0,122
1775534578.5705984,0.0,122
1775534639.3301573,0.0,122
1775534700.1497705,0.0,122
1775534760.8956778,0.0,122
1775534821.5965452,0.0,122
1775534882.2841327,0.0,122
1775534942.9644175,0.0,122
1775535003.6866627,0.0,122
1775535064.7083895,0.0,122
1775535125.434651,0.0,122
1775535186.1408422,0.0,122
1775535246.9160883,0.0,122
1775535307.5883431,0.0,122
1775535368.4221196,0.0,122
1775535429.4030032,0.0,122
1775535490.2801845,0.0,122
1775535551.0324585,0.0,122
1775535612.4118936,0.0,122
1775535673.1399422,0.0,122
1775535733.960053,0.0,122
1775535794.9671767,0.0,122
1775535855.9610088,0.0,122
1775535916.8505988,0.0,122
1775535978.1539662,0.0,122
1775536039.258404,0.0,122
1775536099.9620287,0.0,122
1775536160.7425034,0.0,122
1775536221.4789438,0.0,122
1775536282.2401001,0.0,122
1775536343.578222,0.0,122
1775536404.3562908,0.0,122
1775536465.063842,0.0,122
1775536525.9135668,0.0,122
1775536586.6537585,0.0,122
1775536647.3953145,0.0,122
1775536708.3057694,0.0,122
1775536769.3004827,0.0,122
1775536830.0398798,0.0,122
1775536890.7575037,0.0,122
1775536951.380497,0.0,122
1775537012.1266096,0.0,122
1775537073.0935986,0.0,122
1775537133.8552847,0.0,122
1775537194.598512,0.0,122
1775537255.9377837,0.0,122
1775537316.7245169,0.0,122
1775537377.399726,0.0,122
1775537438.1320853,0.0,122
1775537498.7888556,0.0,122
1775537559.683775,0.0,122
1775537620.3846037,0.0,122
1775537681.0586607,0.0,122
1775537741.9492502,0.0,122
1775537802.949991,0.0,122
1775537863.6995184,0.0,122
1775537924.503186,0.0,122
1775537985.4262285,0.0,122
1775538046.2034035,0.0,122
1775538107.1744127,0.0,122
1775538167.9387746,0.0,122
1775538228.6391206,0.0,122
1775538289.358733,0.0,122
1775538350.3335233,0.0,122
1775538411.1736343,0.0,122
1775538471.8683457,0.0,122
1775538532.5879943,0.0,122
1775538593.2459974,0.0,122
1775538653.9153564,0.0,122
1775538714.6513333,0.0,122
1775538775.5610595,0.0,122
1775538836.8964715,0.0,122
1775538898.2123597,0.0,122
1775538958.9092708,0.0,122
1775539020.3042343,0.0,122
1775539081.0432622,0.0,122
1775539141.7692525,0.0,122
1775539202.6404605,0.0,122
1775539263.3634102,0.0,122
1775539324.0912251,0.0,122
1775539384.882738,0.0,122
1775539446.1715453,0.0,122
1775539506.8714821,0.0,122
1775539567.6706297,0.0,122
1775539628.4427886,0.0,122
1775539689.308071,0.0,122
1775539749.9779556,0.0,122
1775539811.1228585,0.0,122
1775539871.8216808,0.0,122
1775539932.9141147,0.0,122
1775539993.5393784,0.0,122
1775540054.1747525,0.0,122
1775540114.8510165,0.0,122
1775540175.5378711,0.0,122
1775540236.4703288,0.0,122
1775540297.082127,0.0,122
1775540358.3446753,0.0,122
1775540419.629906,0.0,122
1775540480.3204863,0.0,122
1775540541.0729666,0.0,122
1775540601.9740505,0.0,122
1775540662.7170606,0.0,122
1775540723.4096005,0.0,122
1775540784.1189983,0.0,122
1775540844.8206627,0.0,122
1775540905.5538454,0.0,122
1775540966.454303,0.0,122
1775541027.1538339,0.0,122
1775541088.167065,0.0,122
1775541149.1386626,0.0,122
1775541210.0894113,0.0,122
1775541270.7486477,0.0,122
1775541331.8616767,0.0,122
1775541393.1875818,0.0,122
1775541453.9739776,0.0,122
1775541515.0407321,0.0,122
1775541576.0122333,0.0,122
1775541637.3002646,0.0,122
1775541698.4898689,0.0,122
1775541759.1973102,0.0,122
1775541849.9722042,0.0,120
1775541911.2825174,0.0,120
1775541972.2137334,0.0,120
1775542032.952504,0.0,120
1775542093.635124,0.0,120
1775542154.3467124,0.0,120
1775542215.0227966,0.0,120
1775542275.7963917,0.0,120
1775542336.5033357,0.0,120
1775542397.188251,0.0,120
1775542457.8851154,0.0,120
1775542518.66741,0.0,120
1775542579.9489362,0.0,120
1775542641.1247957,0.0,120
1775542702.0623558,0.0,120
1775542763.3085184,0.0,120
1775542824.5624154,0.0,120
1775542885.2608514,0.0,120
1775542945.960635,0.0,120
1775543006.7615879,0.0,120
1775543067.4195786,0.0,120
1775543128.7524166,0.0,120
1775543189.6997755,0.0,120
1775543250.365856,0.0,120
1775543311.055115,0.0,120
1775543371.703102,0.0,120
1775543433.0098908,0.0,120
1775543493.6962378,0.0,120
1775543554.6632588,0.0,120
1775543615.3221276,0.0,120
1775543675.9666727,0.0,120
1775543737.1237535,0.0,120
1775543797.7728107,0.0,120
1775543859.0983753,0.0,120
1775543920.0901947,0.0,120
1775543980.94546,0.0,120
1775544042.263423,0.0,120
1775544102.9713085,0.0,120
1775544163.7345524,0.0,120
1775544225.087258,0.0,120
1775544285.8006706,0.0,120
1775544346.4345746,0.0,120
1775544407.144087,0.0,120
1775544468.4459143,0.0,120
1775544529.1125944,0.0,120
1775544589.7620902,0.0,120
1775544650.5138183,0.0,120
1775544711.2806976,0.0,120
1775544772.0318577,0.0,120
1775544832.6486943,0.0,120
1775544893.3696065,0.0,120
1775544954.1725924,0.0,120
1775545014.8546345,0.0,120
1775545075.5581882,0.0,120
1775545136.7219121,2.0,195
1775545197.4093723,0.0,120
1775545258.0882275,0.0,120
1775545318.731453,0.0,120
1775545380.0775266,0.0,120
1775545441.4306717,0.0,120
1775545502.266973,0.0,120
1775545563.5492291,0.0,120
1775545624.1876328,0.0,120
1775545685.797415,0.0,120
1775545746.5135164,0.0,120
1775545807.2501352,0.0,120
1775545868.0409575,0.0,120
1775545928.7888582,0.0,120
1775545989.9654973,0.0,120
1775546051.0106556,2.0,195
1775546111.7099154,0.0,120
1775546173.0575275,0.0,120
1775546234.3243313,0.0,120
1775546295.037877,0.0,120
1775546355.7330375,0.0,120
1775546416.945892,0.0,120
1775546477.7700253,0.0,120
1775546539.036175,0.0,120
1775546599.735531,0.0,120
1775546660.4539924,0.0,120
1775546721.1664438,0.0,120
1775546782.0069516,0.0,120
1775546842.7328837,0.0,120
1775546904.0556703,0.0,120
1775546965.2828465,0.0,120
1775547026.0028932,0.0,120
1775547087.2434914,2.0,195
1775547148.0531304,0.0,120
1775547209.4422488,0.0,120
1775547270.0796072,0.0,120
1775547330.8561823,0.0,120
1775547391.5194771,0.0,120
1775547452.2551198,0.0,120
1775547513.1585047,0.0,120
1775547573.8163602,0.0,120
1775547634.6103342,0.0,120
1775547695.355973,0.0,120
1775547756.0945346,0.0,120
1775547818.0837893,2.0,195
1775547878.7041295,0.0,120
1775547939.4015393,0.0,120
1775548000.0985901,0.0,120
1775548060.7307355,0.0,120
1775548121.5538816,0.0,120
1775548182.2765448,0.0,120
1775548242.9914806,0.0,120
1775548303.6501446,0.0,120
1775548364.4238489,0.0,120
1775548425.2127447,0.0,120
1775548485.986438,0.0,120
1775548546.7460377,0.0,120
1775548607.4241207,0.0,120
1775548668.1308298,0.0,120
1775548728.9266953,0.0,120
1775548789.679343,0.0,120
1775548850.4468176,0.0,120
1775548911.225846,0.0,120
1775548971.8593633,0.0,120
1775549032.6846628,0.0,120
1775549093.394956,0.0,120
1775549154.1424773,0.0,120
1775549214.9260008,0.0,120
1775549275.666311,0.0,120
1775549336.3995938,0.0,120
1775549397.1444407,0.0,120
1775549458.0704384,0.0,120
1775549519.4044695,0.0,120
1775549580.1287353,0.0,120
1775549640.8278937,0.0,120
1775549701.7053804,0.0,120
1775549762.4174836,0.0,120
1775549823.2727838,0.0,120
1775549885.4212956,2.0,195
1775549946.173634,0.0,120
1775550006.9884467,0.0,120
1775550067.7075155,0.0,120
1775550128.3258553,0.0,120
1775550188.9695778,0.0,120
1775550249.6535363,0.0,120
1775550310.505953,0.0,120
1775550371.3351972,0.0,120
1775550432.1504412,0.0,120
1775550492.954741,0.0,120
1775550553.6913779,0.0,120
1775550615.4941013,2.0,178
1775550676.285031,0.0,120
1775550737.0846996,0.0,120
1775550797.8489344,0.0,120
1775550858.5343335,0.0,120
1775550919.262869,0.0,120
1775550979.9182878,0.0,120
1775551040.5867643,0.0,120
1775551101.4332283,0.0,120
1775551162.9290178,2.0,195
1775551223.6636934,0.0,120
1775551284.962324,0.0,120
1775551345.7556298,0.0,120
1775551406.587921,0.0,120
1775551467.2432563,0.0,120
1775551528.2448535,2.0,178
1775551589.209337,0.0,120
1775551649.8566713,0.0,120
1775551711.126083,0.0,120
1775551771.8110201,0.0,120
1775551832.493723,0.0,120
1775551893.3049273,0.0,120
1775551954.4563434,2.0,195
1775552015.116795,0.0,120
1775552075.8064134,0.0,120
1775552136.9034169,0.0,120
1775552198.9324079,2.0,195
1775552259.6135159,0.0,120
1775552320.8343728,0.0,120
1775552381.9156432,0.0,120
1775552442.8836894,0.0,120
1775552503.6485014,0.0,120
1775552565.0134997,0.0,120
1775552626.1540403,0.0,120
1775552687.401572,2.0,195
1775552748.267489,0.0,120
1775552809.3836467,0.0,120
1775552870.1614604,0.0,120
1775552931.1328754,0.0,120
1775552992.4397886,0.0,120
1775553053.3131394,0.0,120
1775553114.0798001,0.0,120
1775553174.8709,0.0,120
1775553235.732235,0.0,120
1775553296.6048222,0.0,120
1775553357.303022,0.0,120
1775553418.0956337,0.0,120
1775553480.1891913,6.0,364
1775553540.9934258,0.0,120
1775553601.612055,0.0,120
1775553662.4560838,0.0,120
1775553723.5747328,0.0,120
1775553784.3279412,0.0,120
1775553845.1869974,0.0,120
1775553906.553026,0.0,120
1775553967.3078494,0.0,120
1775554028.5332694,0.0,120
1775554089.3536537,0.0,120
1775554150.094001,0.0,120
1775554210.8523266,0.0,120
1775554271.5671394,0.0,120
1775554333.08544,0.0,120
1775554393.8058128,0.0,120
1775554454.53105,0.0,120
1775554515.3316007,0.0,120
1775554576.10953,0.0,120
1775554636.9505708,0.0,120
1775554698.2988508,0.0,120
1775554759.1641195,0.0,120
1775554819.979211,0.0,120
1775554881.0426235,0.0,120
1775554941.7411985,0.0,120
1775555002.555458,0.0,120
1775555063.3284695,0.0,120
1775555124.1618822,0.0,120
1775555185.7641299,0.0,120
1775555246.5237885,0.0,120
1775555307.352475,0.0,120
1775555368.3277183,0.0,120
1775555429.0125186,0.0,120
1775555489.777788,0.0,120
1775555550.974474,0.0,120
1775555611.5662956,0.0,120
1775555672.2479959,0.0,120
1775555733.2141168,0.0,120
1775555794.0922685,0.0,120
1775555854.7701654,0.0,120
1775555915.8090868,0.0,120
1775555976.5983882,0.0,120
1775556037.317474,0.0,120
1775556098.084239,0.0,120
1775556158.8435812,0.0,120
1775556219.8272362,0.0,120
1775556280.55116,0.0,120
1775556341.32957,0.0,120
1775556402.2146432,0.0,120
1775556463.0952644,0.0,120
1775556524.4018738,0.0,120
1775556585.7500458,0.0,120
1775556646.5156949,0.0,120
1775556707.42417,0.0,120
1775556768.139466,0.0,120
1775556829.0094423,0.0,120
1775556889.8687332,0.0,120
1775556950.607918,0.0,120
1775557011.411141,0.0,120
1775557072.1349812,0.0,120
1775557132.9920313,0.0,120
1775557193.7864919,0.0,120
1775557254.5644386,0.0,120
1775557315.4413793,0.0,120
1775557376.5096989,0.0,120
1775557437.504215,0.0,120
1775557498.3673968,0.0,120
1775557559.3807645,0.0,120
1775557620.3766248,0.0,120
1775557681.728325,0.0,120
1775557743.0546072,0.0,120
1775557804.321161,0.0,120
1775557865.1091883,0.0,120
1775557926.022661,0.0,120
1775557986.8075914,0.0,120
1775558047.5852394,0.0,120
1775558108.5718133,0.0,120
1775558170.0554166,0.0,120
1775558230.8592691,0.0,120
1775558291.5814426,0.0,120
1775558352.3036435,0.0,120
1775558413.1821947,0.0,120
1775558473.8894315,0.0,120
1775558534.8345706,0.0,120
1775558597.8767624,6.0,364
1775558658.6862597,0.0,120
1775558719.4121165,0.0,120
1775558780.1991062,0.0,120
1775558841.0247493,0.0,120
1775558901.778451,0.0,120
1775558962.6947157,0.0,120
1775559023.364392,0.0,120
1775559084.0837684,0.0,120
1775559144.8872945,0.0,120
1775559205.7606833,0.0,120
1775559266.7175815,0.0,120
1775559327.5377371,0.0,120
1775559388.2646706,0.0,120
1775559449.3959248,2.0,195
1775559510.12653,0.0,120
1775559570.8851764,0.0,120
1775559631.8546813,0.0,120
1775559692.6529799,0.0,120
1775559753.5056555,0.0,120
1775559814.237377,0.0,120
1775559874.9784732,0.0,120
1775559935.679644,0.0,120
1775559996.4300723,0.0,122
1775560057.128631,0.0,120
1775560117.8567991,0.0,120
1775560178.588966,0.0,120
1775560239.473574,0.0,120
1775560300.2485638,0.0,120
1775560361.1390357,0.0,120
1775560421.8884788,0.0,120
1775560482.621618,0.0,120
1775560543.3603928,0.0,120
1775560604.2803335,0.0,120
1775560665.1185503,0.0,120
1775560725.9590285,0.0,120
1775560786.6306636,0.0,120
1775560847.4178076,0.0,120
1775560908.214585,0.0,120
1775560969.2083032,0.0,120
1775561029.859661,0.0,120
1775561090.6144168,0.0,120
1775561151.3733683,0.0,120
1775561212.0968347,0.0,120
1775561272.7780652,0.0,120
1775561334.0894873,2.0,195
1775561394.9541934,0.0,120
1775561455.6729796,0.0,120
1775561516.3673573,0.0,120
1775561577.2887676,0.0,120
1775561638.193997,0.0,120
1775561699.0012712,0.0,120
1775561759.9378629,0.0,120
1775561820.925133,0.0,120
1775561881.919811,0.0,120
1775561942.593667,0.0,120
1775562003.4082556,0.0,120
1775562064.47328,0.0,120
1775562125.2266417,0.0,120
1775562186.0041208,0.0,120
1775562246.7055173,0.0,120
1775562307.5257869,0.0,120
1775562368.228673,0.0,120
1775562429.1026068,0.0,120
1775562489.806496,0.0,120
1775562550.705495,0.0,120
1775562612.0012078,0.0,120
1775562673.372298,0.0,120
1775562734.7378552,0.0,120
1775562795.3908837,0.0,120
1775562856.752119,0.0,120
1775562917.9641042,0.0,120
1775562978.65391,0.0,120
1775563039.977267,0.0,120
1775563101.325287,0.0,120
1775563162.5812821,0.0,120
1775563223.9683545,0.0,120
1775563285.2376432,0.0,120
1775563346.566278,0.0,120
1775563407.9099743,0.0,120
1775563468.8984883,2.0,195
1775563529.7188694,0.0,120
1775563590.4841635,0.0,120
1775563651.2128873,0.0,120
1775563712.0180838,0.0,120
1775563772.8934681,0.0,120
1775563833.8991644,0.0,120
1775563895.0237837,0.0,120
1775564672.0775511,0.0,120
1775577950.9873161,0.0,120
1775578065.1761582,0.0,26973
1775578113.983478,0.0,122
1775578320.3112338,0.0,26979
1775578509.0756266,0.0,26989
1775578705.9254375,0.0,26986
1775578900.0070128,1.0,26990
1775579097.7439275,0.0,26981
1775579300.3696203,1.0,26972
1775579495.5672824,0.0,26970
1775579696.4219716,0.0,26995
1775579887.8233109,1.0,26981
1775580080.5596895,0.0,26989
1775580272.4144745,1.0,26997
1775580464.530735,0.0,26984
1775580658.3267262,0.0,26981
1775580855.4038897,1.0,26971
1775581046.9480135,1.0,26988
1775581215.610035,1.0,26992
1775581383.2332568,0.0,26985
1775581444.0887256,0.0,120
1775581614.79191,1.0,26969
1775581783.8367517,0.0,26984
1775581953.9141657,1.0,26986
1775582122.537291,1.0,26988
1775582303.4266765,1.0,26982
1775582477.9619758,1.0,26974
1775582660.5183666,0.0,26987
1775582831.0011249,1.0,26977
1775583007.902191,1.0,26990
1775583173.695371,1.0,26974
1775583350.4931018,0.0,26972
1775583517.1431735,1.0,26989
1775583683.87602,1.0,26968
1775583744.3701866,0.0,120
1775583911.40633,1.0,26974
1775584075.987936,1.0,26992
1775584239.6725218,1.0,26971
1775584406.512837,1.0,26996
1775584581.712773,0.0,26988
1775584751.5973306,1.0,26982
1775584922.2438514,1.0,26979
1775585089.0133781,1.0,26976
1775585256.5592992,1.0,26983
1775585427.1086054,1.0,26997
1775585599.0339386,0.0,26982
1775585764.6253233,0.0,26986
1775585937.8110404,1.0,26982
1775586106.5398405,1.0,26970
1775586279.9166417,1.0,26977
1775586446.0576444,1.0,26992
1775586612.9487817,1.0,26984
1775586779.991641,1.0,26984
1775586952.9326413,1.0,26968
1775587131.1736405,1.0,26976
1775587300.3573081,1.0,26992
1775587465.9437528,1.0,26986
1775587632.5579338,1.0,26985
1775587801.8992295,1.0,26977
1775587967.0637872,1.0,26996
1775588135.128607,1.0,26985
1775588301.6570687,1.0,26974
1775588470.2749624,1.0,26985
1775588648.6219542,1.0,26981
1775588817.4030297,1.0,26995
1775588992.6159427,1.0,26976
1775589158.6156776,1.0,26968
1775589324.414716,1.0,26968
1775589490.0557983,0.0,26988
1775589668.7926047,1.0,26988
1775589840.3285196,1.0,26992
1775590006.4756374,1.0,26979
1775590229.4638193,0.0,26997
1775590402.906765,1.0,26996
1775590571.3692434,0.0,26983
1775590739.6115775,0.0,26982
1775590917.729765,1.0,26979
1775591086.645057,1.0,26989
1775591257.7501204,1.0,26992
1775591426.1172087,0.0,26985
1775591596.5775683,1.0,26986
1775591766.7895854,0.0,26980
1775591941.386574,1.0,26990
1775592002.0004625,0.0,120
1775592062.6166961,1.0,148
1775592229.4648476,0.0,26974
1775592401.9685128,0.0,26996
1775592569.5997007,1.0,26987
1775592738.7009006,3.0,26968
1775592908.060557,1.0,26977
1775593074.7063541,1.0,26975
1775593239.7861452,1.0,26975
1775593407.0406914,0.0,26981
1775593580.2792506,2.0,26986
1775593748.1854203,0.0,26975
1775593913.7407036,1.0,26992
1775594079.815043,1.0,26984
1775594245.0546598,1.0,26982
1775594411.755932,0.0,26975
1775594582.8783333,1.0,26968
1775594747.366182,0.0,26984
1775594917.9400673,1.0,26989
1775595084.3392913,0.0,26982
1775595261.2253466,1.0,26997
1775595437.2563875,1.0,26980
1775595497.9167237,0.0,120
1775595558.4143178,0.0,120
1775595620.5218182,4.0,238
1775595787.148348,0.0,26973
1775595848.2327256,3.0,210
1775595908.750921,0.0,120
1775595969.6474826,3.0,210
1775596030.5835755,2.0,179
1775596091.3341062,1.0,148
1775596151.9469705,0.0,120
1775596212.56832,0.0,120
1775596273.2906678,2.0,179
1775596334.3517394,3.0,210
1775596502.8065932,1.0,26982
1775596563.3121426,0.0,120
1775596728.9472282,0.0,26970
1775596789.5537379,0.0,120
1775596956.5804224,0.0,26970
1775597017.6748154,3.0,210
1775597187.123932,1.0,26983
1775597356.7613828,1.0,26990
1775597528.039552,0.0,26991
1775597588.9009936,3.0,210
1775597758.242578,2.0,26971
1775597819.2416637,2.0,196
1775597880.0986905,3.0,210
1775597941.1580923,3.0,210
1775598002.0278213,3.0,210
1775598170.4690244,0.0,26979
1775598338.028915,2.0,26968
1775598505.2713861,0.0,26981
1775598566.3504171,3.0,210
1775598731.9585648,1.0,26988
1775598898.05496,0.0,26997
1775598958.9774044,3.0,210
1775599125.872896,2.0,26986
1775599296.7998762,1.0,26977
1775599461.5229843,0.0,26982
1775599522.9206595,5.0,278
1775599583.578952,0.0,120
1775599644.3384204,1.0,148
1775599705.61452,4.0,234
1775599766.3937688,1.0,148
1775599827.1835454,1.0,148
1775599888.2658772,4.0,270
1775599948.8976283,0.0,120
1775600010.2500815,4.0,270
1775600071.4420176,4.0,234
1775600132.3982537,4.0,234
1775600193.5964217,4.0,234
1775600364.383935,0.0,26994
1775600425.3149824,2.0,179
1775600486.787035,3.0,223
1775600548.6004603,6.0,333
1775600609.8677802,4.0,234
1775600670.8421137,4.0,234
1775600731.7588189,2.0,177
1775600792.6746712,3.0,223
1775600853.2932532,0.0,120
1775600914.4562733,4.0,234
1775600975.313762,3.0,210
1775601143.7952938,3.0,26996
1775601204.9021924,3.0,210
1775601266.1651711,4.0,241
1775601327.1546419,4.0,241
1775601388.2572875,3.0,208
1775601464.8992612,3.0,3599
1775601633.20462,1.0,26977
1775601809.7270677,4.0,26992
1775601871.030115,4.0,252
1775601932.5349002,4.0,292
1775601993.6108062,3.0,210
1775602054.772274,5.0,291
1775602221.9661982,1.0,26979
1775602392.535216,0.0,26988
1775602561.9848447,0.0,26986
1775602727.407311,1.0,26969
1775602788.4853566,3.0,210
1775602849.5093782,3.0,210
1775603019.014233,0.0,26978
1775603183.454252,0.0,26987
1775603355.936928,0.0,26972
1775603527.7340453,0.0,26997
1775603695.3822036,0.0,26984
1775603864.1465373,0.0,26985
1775604037.6139653,0.0,26986
1775604202.8378615,0.0,26978
1775604375.338179,0.0,26972
1775604550.8787057,0.0,26985
1775604722.6357498,0.0,26984
1775604894.5577183,2.0,26969
1775605061.0608313,0.0,26973
1775605234.9184773,0.0,26973
1775605398.5682468,0.0,26993
1775605556.7876186,0.0,26990
1775605712.7174287,2.0,26984
1775605878.8977544,0.0,26992
1775606035.1097093,0.0,26969
1775606197.2624414,2.0,26978
1775606355.0862496,0.0,26974
1775606516.6839335,0.0,26980
1775606687.5914176,0.0,26993
1775606843.6002498,0.0,26984
1775607005.3069203,2.0,26988
1775607165.5501742,0.0,26970
1775607328.440644,2.0,26997
1775607488.4688427,0.0,26983
1775607654.7751691,0.0,26980
1775607812.7572744,2.0,26972
1775607980.3776252,0.0,26990
1775608137.4744582,2.0,26977
1775608296.8964593,2.0,26985
1775608456.446694,0.0,26978
1775608612.785345,0.0,26980
1775608778.026488,0.0,26996
1775608939.053003,0.0,26986
1775609103.7585294,0.0,26986
1775609259.404023,0.0,26983
1775609415.8809698,2.0,26995
1775609580.3066673,0.0,26981
1775609750.2910936,2.0,26974
1775609905.5620856,0.0,26980
1775610062.73197,0.0,26968
1775610228.8686059,0.0,26982
1775610390.968817,0.0,26993
1775610567.098781,2.0,26978
1775610724.0149317,0.0,26977
1775610886.7274885,0.0,26974
1775611044.5603027,0.0,26980
1775611207.1122072,0.0,26993
1775611371.017964,0.0,26974
1775611531.5588717,0.0,26996
1775611687.0185754,0.0,26986
1775611841.3074527,0.0,26977
1775611993.5720432,0.0,26997
1775612148.0125537,0.0,26997
1775612300.7444293,0.0,26975
1775612457.5053294,0.0,26975
1775612620.4885242,2.0,26988
1775612780.3142793,0.0,26975
1775612942.0051315,0.0,26978
1775613102.7718356,0.0,26973
1775613255.4709525,0.0,26971
1775613413.1010816,0.0,26988
1775613569.2053123,2.0,26969
1775613723.586178,2.0,26968
1775613880.2580662,0.0,26978
1775614033.5920439,0.0,26981
1775614186.6134634,0.0,26985
1775614347.044762,0.0,26984
1775614503.4034598,2.0,26982
1775614658.600761,0.0,26977
1775614824.551045,0.0,26973
1775614980.9023206,2.0,26994
1775615133.782843,2.0,26973
1775615289.586559,0.0,26970
1775615454.3456979,2.0,26972
1775615609.9745376,0.0,26980
1775615763.941462,0.0,26974
1775615918.4231293,0.0,26989
1775616074.9392705,2.0,26984
1775616235.5015569,0.0,26986
1775616388.1551385,0.0,26983
1775616546.4548361,0.0,26971
1775616705.52484,0.0,26983
1775616868.3217556,2.0,26995
1775617025.8883755,0.0,26995
1775617182.3521087,0.0,26979
1775617348.3468273,0.0,26994
1775617506.820705,0.0,26978
1775617662.3289773,0.0,26973
1775617819.24466,0.0,26989
1775617986.5096183,0.0,26968
1775618142.9649584,0.0,26982
1775618303.1855333,0.0,26985
1775618464.0810215,2.0,26968
1775618617.1499689,0.0,26983
1775618773.8916507,0.0,26969
1775618933.4315221,0.0,26997
1775619089.113001,0.0,26968
1775619245.333427,2.0,26989
1775619406.8066049,0.0,26968
1775619566.3367674,0.0,26979
1775619722.1838324,0.0,26991
1775619876.3090904,0.0,26980
1775620032.3951652,0.0,26987
1775620187.4694078,2.0,26973
1775620341.7448583,0.0,26994
1775620500.7736504,0.0,26974
1775620657.0964863,0.0,26984
1775620821.0363195,0.0,26997
1775620975.139755,2.0,26972
1775621130.889642,0.0,26976
1775621290.394188,0.0,26993
1775621453.5459416,0.0,26982
1775621617.7510939,0.0,26992
1775621863.6562307,2.0,26970
1775622089.1559043,0.0,26994
1775622277.0133712,0.0,26985
